%Longitud latitud slip (m) largo (m) ancho (m) strike dip rake profundidad (m)
-79.080 -11.750 1.6 200000 120000 335 12 90 03500
-78.761 -11.601 4.6 200000 120000 335 12 90 11820
-78.442 -11.452 3.6 200000 120000 335 12 90 20130
-79.270 -11.342 0.0 200000 120000 335 12 90 03500
-78.951 -11.193 3.4 200000 120000 335 12 90 11820
-78.632 -11.045 3.1 200000 120000 335 12 90 20130
-79.460 -10.934 2.1 200000 120000 335 12 90 03500
-79.141 -10.786 1.2 200000 120000 335 12 90 11820
-78.822 -10.637 0.6 200000 120000 335 12 90 20130
-79.650 -10.527 0.7 200000 120000 335 12 90 03500
-79.331 -10.378 0.7 200000 120000 335 12 90 11820
-79.012 -10.230 0.0 200000 120000 335 12 90 20130