%Longitud  Latitud  slip(m)   largo(m) ancho(m) strike dip rake profundidad(m)
-74.70000 -38.00000 0.00      50000    50000    16     14  104  00000
-74.54808 -37.56674 0.00      50000    50000    16     14  104  00000
-74.39615 -37.13347 0.00      50000    50000    16     14  104  00000
-74.24423 -36.70021 2.24      50000    50000    16     14  104  00000
-74.09230 -36.26694 0.00      50000    50000    16     14  104  00000
-73.94038 -35.83368 1.32      50000    50000    16     14  104  00000
-73.78845 -35.40041 3.94      50000    50000    16     14  104  00000
-73.63653 -34.96715 4.69      50000    50000    16     14  104  00000
-73.48460 -34.53388 2.11      50000    50000    16     14  104  00000
-73.33268 -34.10062 0.00      50000    50000    16     14  104  00000
-73.18075 -33.66735 0.00      50000    50000    16     14  104  00000
-73.02883 -33.23409 0.00      50000    50000    16     14  104  00000
-74.17018 -38.12424 4.73      50000    50000    16     14  104  12100
-74.01825 -37.69097 4.21      50000    50000    16     14  104  12100
-73.86633 -37.25771 4.85      50000    50000    16     14  104  12100
-73.71440 -36.82444 7.33      50000    50000    16     14  104  12100
-73.56248 -36.39118 0.20      50000    50000    16     14  104  12100
-73.41055 -35.95791 1.92      50000    50000    16     14  104  12100
-73.25863 -35.52465 7.38      50000    50000    16     14  104  12100
-73.10670 -35.09138 10.06     50000    50000    16     14  104  12100
-72.95478 -34.65812 5.23      50000    50000    16     14  104  12100
-72.80285 -34.22485 0.14      50000    50000    16     14  104  12100
-72.65093 -33.79159 0.20      50000    50000    16     14  104  12100
-72.49901 -33.35832 0.00      50000    50000    16     14  104  12100
-73.64035 -38.24847 4.65      50000    50000    16     14  104  24200
-73.48843 -37.81521 11.18     50000    50000    16     14  104  24200
-73.33650 -37.38194 5.79      50000    50000    16     14  104  24200
-73.18458 -36.94868 1.36      50000    50000    16     14  104  24200
-73.03265 -36.51541 4.38      50000    50000    16     14  104  24200
-72.88073 -36.08215 0.00      50000    50000    16     14  104  24200
-72.72880 -35.64888 5.41      50000    50000    16     14  104  24200
-72.57688 -35.21562 22.22     50000    50000    16     14  104  24200
-72.42495 -34.78236 13.38     50000    50000    16     14  104  24200
-72.27303 -34.34909 6.08      50000    50000    16     14  104  24200
-72.12111 -33.91583 0.00      50000    50000    16     14  104  24200
-71.96918 -33.48256 0.00      50000    50000    16     14  104  24200
